01/06/1986,1.27,517968000,1986,1986,1986
01/07/1986,1.95,520560000,1986,1986,1986
01/08/1986,2.57,523238400,1986,1986,1986
01/09/1986,2.94,525916800,1986,1986,1986
01/10/1986,1.96,528508800,1986,1986,1986
01/11/1986,2.37,531187200,1986,1986,1986
01/12/1986,5.47,533779200,1986,1986,1986
01/01/1987,11.00,536457600,1987,1987,1987
01/02/1987,19.61,539136000,1987,1987,1987
01/03/1987,11.95,541555200,1987,1987,1987
01/04/1987,15.30,544233600,1987,1987,1987
01/05/1987,24.63,546825600,1987,1987,1987
01/06/1987,18.02,549504000,1987,1987,1987
01/07/1987,8.91,552096000,1987,1987,1987
01/08/1987,8.09,554774400,1987,1987,1987
01/09/1987,7.99,557452800,1987,1987,1987
01/10/1987,9.45,560044800,1987,1987,1987
01/11/1987,12.92,562723200,1987,1987,1987
01/12/1987,14.38,565315200,1987,1987,1987
01/01/1988,16.78,567993600,1988,1988,1988
01/02/1988,18.35,570672000,1988,1988,1988
01/03/1988,16.59,573177600,1988,1988,1988
01/04/1988,20.25,575856000,1988,1988,1988
01/05/1988,18.65,578448000,1988,1988,1988
01/06/1988,20.17,581126400,1988,1988,1988
01/07/1988,24.69,583718400,1988,1988,1988
01/08/1988,22.63,586396800,1988,1988,1988
01/09/1988,26.25,589075200,1988,1988,1988
01/10/1988,29.79,591667200,1988,1988,1988
01/11/1988,28.41,594345600,1988,1988,1988
01/12/1988,30.24,596937600,1988,1988,1988
01/01/1989,22.97,599616000,1989,1989,1989
01/02/1989,18.95,602294400,1989,1989,1989
01/03/1989,20.41,604713600,1989,1989,1989
01/04/1989,11.52,607392000,1989,1989,1989
01/05/1989,11.43,609984000,1989,1989,1989
01/06/1989,27.29,612662400,1989,1989,1989
01/07/1989,33.15,615254400,1989,1989,1989
01/08/1989,35.49,617932800,1989,1989,1989
01/09/1989,38.58,620611200,1989,1989,1989
01/10/1989,47.70,623203200,1989,1989,1989
01/11/1989,48.41,625881600,1989,1989,1989
01/12/1989,64.21,628473600,1989,1989,1989
01/01/1990,67.60,631152000,1990,1990,1990
01/02/1990,82.04,633830400,1990,1990,1990
01/03/1990,36.76,636249600,1990,1990,1990
01/04/1990,4.23,638928000,1990,1990,1990
01/05/1990,5.69,641520000,1990,1990,1990
01/06/1990,8.73,644198400,1990,1990,1990
01/07/1990,13.79,646790400,1990,1990,1990
01/08/1990,11.53,649468800,1990,1990,1990
01/09/1990,15.21,652147200,1990,1990,1990
01/10/1990,16.49,654739200,1990,1990,1990
01/11/1990,19.83,657417600,1990,1990,1990
01/12/1990,22.86,660009600,1990,1990,1990
01/01/1991,21.02,662688000,1991,1991,1991
01/02/1991,6.85,665366400,1991,1991,1991
01/03/1991,8.99,667785600,1991,1991,1991
01/04/1991,9.67,670464000,1991,1991,1991
01/05/1991,9.56,673056000,1991,1991,1991
01/06/1991,10.32,675734400,1991,1991,1991
01/07/1991,12.39,678326400,1991,1991,1991
01/08/1991,15.75,681004800,1991,1991,1991
01/09/1991,19.78,683683200,1991,1991,1991
01/10/1991,25.95,686275200,1991,1991,1991
01/11/1991,32.43,688953600,1991,1991,1991
01/12/1991,31.17,691545600,1991,1991,1991
01/01/1992,29.06,694224000,1992,1992,1992
01/02/1992,28.76,696902400,1992,1992,1992
01/03/1992,26.86,699408000,1992,1992,1992
01/04/1992,23.92,702086400,1992,1992,1992
01/05/1992,23.00,704678400,1992,1992,1992
01/06/1992,24.28,707356800,1992,1992,1992
01/07/1992,26.21,709948800,1992,1992,1992
01/08/1992,25.65,712627200,1992,1992,1992
01/09/1992,27.66,715305600,1992,1992,1992
01/10/1992,28.18,717897600,1992,1992,1992
01/11/1992,26.40,720576000,1992,1992,1992
01/12/1992,25.92,723168000,1992,1992,1992
01/01/1993,28.52,725846400,1993,1993,1993
01/02/1993,28.90,728524800,1993,1993,1993
01/03/1993,28.36,730944000,1993,1993,1993
01/04/1993,30.53,733622400,1993,1993,1993
01/05/1993,30.90,736214400,1993,1993,1993
01/06/1993,31.91,738892800,1993,1993,1993
01/07/1993,32.73,741484800,1993,1993,1993
01/08/1993,34.64,744163200,1993,1993,1993
01/09/1993,37.23,746841600,1993,1993,1993
01/10/1993,38.40,749433600,1993,1993,1993
01/11/1993,38.38,752112000,1993,1993,1993
01/12/1993,40.38,754704000,1993,1993,1993
01/01/1994,42.76,757382400,1994,1994,1994
01/02/1994,41.99,760060800,1994,1994,1994
01/03/1994,46.42,762480000,1994,1994,1994
01/04/1994,46.49,765158400,1994,1994,1994
01/05/1994,47.95,767750400,1994,1994,1994
01/06/1994,50.62,770428800,1994,1994,1994
01/07/1994,6.87,773020800,1994,1994,1994
01/08/1994,4.17,775699200,1994,1994,1994
01/09/1994,3.83,778377600,1994,1994,1994
01/10/1994,3.62,780969600,1994,1994,1994
01/11/1994,4.07,783648000,1994,1994,1994
01/12/1994,3.80,786240000,1994,1994,1994
01/01/1995,3.37,788918400,1995,1995,1995
01/02/1995,3.25,791596800,1995,1995,1995
01/03/1995,4.26,794016000,1995,1995,1995
01/04/1995,4.26,796694400,1995,1995,1995
01/05/1995,4.25,799286400,1995,1995,1995
01/06/1995,4.04,801964800,1995,1995,1995
01/07/1995,4.02,804556800,1995,1995,1995
01/08/1995,3.84,807235200,1995,1995,1995
01/09/1995,3.32,809913600,1995,1995,1995
01/10/1995,3.09,812505600,1995,1995,1995
01/11/1995,2.88,815184000,1995,1995,1995
01/12/1995,2.78,817776000,1995,1995,1995
01/01/1996,2.58,820454400,1996,1996,1996
01/02/1996,2.35,823132800,1996,1996,1996
01/03/1996,2.22,825638400,1996,1996,1996
01/04/1996,2.07,828316800,1996,1996,1996
01/05/1996,2.01,830908800,1996,1996,1996
01/06/1996,1.98,833587200,1996,1996,1996
01/07/1996,1.93,836179200,1996,1996,1996
01/08/1996,1.97,838857600,1996,1996,1996
01/09/1996,1.90,841536000,1996,1996,1996
01/10/1996,1.86,844128000,1996,1996,1996
01/11/1996,1.80,846806400,1996,1996,1996
01/12/1996,1.80,849398400,1996,1996,1996
01/01/1997,1.73,852076800,1997,1997,1997
01/02/1997,1.67,854755200,1997,1997,1997
01/03/1997,1.64,857174400,1997,1997,1997
01/04/1997,1.66,859852800,1997,1997,1997
01/05/1997,1.58,862444800,1997,1997,1997
01/06/1997,1.61,865123200,1997,1997,1997
01/07/1997,1.60,867715200,1997,1997,1997
01/08/1997,1.59,870393600,1997,1997,1997
01/09/1997,1.59,873072000,1997,1997,1997
01/10/1997,1.67,875664000,1997,1997,1997
01/11/1997,3.04,878342400,1997,1997,1997
01/12/1997,2.97,880934400,1997,1997,1997
01/01/1998,2.67,883612800,1998,1998,1998
01/02/1998,2.13,886291200,1998,1998,1998
01/03/1998,2.20,888710400,1998,1998,1998
01/04/1998,1.71,891388800,1998,1998,1998
01/05/1998,1.63,893980800,1998,1998,1998
01/06/1998,1.60,896659200,1998,1998,1998
01/07/1998,1.70,899251200,1998,1998,1998
01/08/1998,1.48,901929600,1998,1998,1998
01/09/1998,2.49,904608000,1998,1998,1998
01/10/1998,2.94,907200000,1998,1998,1998
01/11/1998,2.63,909878400,1998,1998,1998
01/12/1998,2.40,912470400,1998,1998,1998
01/01/1999,2.18,915148800,1999,1999,1999
01/02/1999,2.38,917827200,1999,1999,1999
01/03/1999,3.33,920246400,1999,1999,1999
01/04/1999,2.35,922924800,1999,1999,1999
01/05/1999,2.02,925516800,1999,1999,1999
01/06/1999,1.67,928195200,1999,1999,1999
01/07/1999,1.66,930787200,1999,1999,1999
01/08/1999,1.57,933465600,1999,1999,1999
01/09/1999,1.49,936144000,1999,1999,1999
01/10/1999,1.38,938736000,1999,1999,1999
01/11/1999,1.39,941414400,1999,1999,1999
01/12/1999,1.60,944006400,1999,1999,1999
01/01/2000,1.46,946684800,2000,2000,2000
01/02/2000,1.45,949363200,2000,2000,2000
01/03/2000,1.45,951868800,2000,2000,2000
01/04/2000,1.30,954547200,2000,2000,2000
01/05/2000,1.49,957139200,2000,2000,2000
01/06/2000,1.39,959817600,2000,2000,2000
01/07/2000,1.31,962409600,2000,2000,2000
01/08/2000,1.41,965088000,2000,2000,2000
01/09/2000,1.22,967766400,2000,2000,2000
01/10/2000,1.29,970358400,2000,2000,2000
01/11/2000,1.22,973036800,2000,2000,2000
01/12/2000,1.20,975628800,2000,2000,2000
01/01/2001,1.27,978307200,2001,2001,2001
01/02/2001,1.02,980985600,2001,2001,2001
01/03/2001,1.26,983404800,2001,2001,2001
01/04/2001,1.19,986083200,2001,2001,2001
01/05/2001,1.34,988675200,2001,2001,2001
01/06/2001,1.27,991353600,2001,2001,2001
01/07/2001,1.50,993945600,2001,2001,2001
01/08/2001,1.60,996624000,2001,2001,2001
01/09/2001,1.32,999302400,2001,2001,2001
01/10/2001,1.53,1001894400,2001,2001,2001
01/11/2001,1.39,1004572800,2001,2001,2001
01/12/2001,1.39,1007164800,2001,2001,2001
01/01/2002,1.53,1009843200,2002,2002,2002
01/02/2002,1.25,1012521600,2002,2002,2002
01/03/2002,1.37,1014940800,2002,2002,2002
01/04/2002,1.48,1017619200,2002,2002,2002
01/05/2002,1.41,1020211200,2002,2002,2002
01/06/2002,1.33,1022889600,2002,2002,2002
01/07/2002,1.54,1025481600,2002,2002,2002
01/08/2002,1.44,1028160000,2002,2002,2002
01/09/2002,1.38,1030838400,2002,2002,2002
01/10/2002,1.65,1033430400,2002,2002,2002
01/11/2002,1.54,1036108800,2002,2002,2002
01/12/2002,1.74,1038700800,2002,2002,2002
01/01/2003,1.97,1041379200,2003,2003,2003
01/02/2003,1.83,1044057600,2003,2003,2003
01/03/2003,1.78,1046476800,2003,2003,2003
01/04/2003,1.87,1049155200,2003,2003,2003
01/05/2003,1.97,1051747200,2003,2003,2003
01/06/2003,1.86,1054425600,2003,2003,2003
01/07/2003,2.08,1057017600,2003,2003,2003
01/08/2003,1.77,1059696000,2003,2003,2003
01/09/2003,1.68,1062374400,2003,2003,2003
01/10/2003,1.64,1064966400,2003,2003,2003
01/11/2003,1.34,1067644800,2003,2003,2003
01/12/2003,1.37,1070236800,2003,2003,2003
01/01/2004,1.27,1072915200,2004,2004,2004
01/02/2004,1.08,1075593600,2004,2004,2004
01/03/2004,1.38,1078099200,2004,2004,2004
01/04/2004,1.18,1080777600,2004,2004,2004
01/05/2004,1.23,1083369600,2004,2004,2004
01/06/2004,1.23,1086048000,2004,2004,2004
01/07/2004,1.29,1088640000,2004,2004,2004
01/08/2004,1.29,1091318400,2004,2004,2004
01/09/2004,1.25,1093996800,2004,2004,2004
01/10/2004,1.21,1096588800,2004,2004,2004
01/11/2004,1.25,1099267200,2004,2004,2004
01/12/2004,1.48,1101859200,2004,2004,2004
01/01/2005,1.38,1104537600,2005,2005,2005
01/02/2005,1.22,1107216000,2005,2005,2005
01/03/2005,1.53,1109635200,2005,2005,2005
01/04/2005,1.41,1112313600,2005,2005,2005
01/05/2005,1.50,1114905600,2005,2005,2005
01/06/2005,1.59,1117584000,2005,2005,2005
01/07/2005,1.51,1120176000,2005,2005,2005
01/08/2005,1.66,1122854400,2005,2005,2005
01/09/2005,1.50,1125532800,2005,2005,2005
01/10/2005,1.41,1128124800,2005,2005,2005
01/11/2005,1.38,1130803200,2005,2005,2005
01/12/2005,1.47,1133395200,2005,2005,2005
01/01/2006,1.43,1136073600,2006,2006,2006
01/02/2006,1.15,1138752000,2006,2006,2006
01/03/2006,1.42,1141171200,2006,2006,2006
01/04/2006,1.08,1143849600,2006,2006,2006
01/05/2006,1.28,1146441600,2006,2006,2006
01/06/2006,1.18,1149120000,2006,2006,2006
01/07/2006,1.17,1151712000,2006,2006,2006
01/08/2006,1.26,1154390400,2006,2006,2006
01/09/2006,1.06,1157068800,2006,2006,2006
01/10/2006,1.09,1159660800,2006,2006,2006
01/11/2006,1.02,1162339200,2006,2006,2006
01/12/2006,0.99,1164931200,2006,2006,2006
01/01/2007,1.08,1167609600,2007,2007,2007
01/02/2007,0.87,1170288000,2007,2007,2007
01/03/2007,1.05,1172707200,2007,2007,2007
01/04/2007,0.94,1175385600,2007,2007,2007
01/05/2007,1.03,1177977600,2007,2007,2007
01/06/2007,0.91,1180656000,2007,2007,2007
01/07/2007,0.97,1183248000,2007,2007,2007
01/08/2007,0.99,1185926400,2007,2007,2007
01/09/2007,0.80,1188604800,2007,2007,2007
01/10/2007,0.93,1191196800,2007,2007,2007
01/11/2007,0.84,1193875200,2007,2007,2007
01/12/2007,0.84,1196467200,2007,2007,2007
01/01/2008,0.93,1199145600,2008,2008,2008
01/02/2008,0.80,1201824000,2008,2008,2008
01/03/2008,0.84,1204329600,2008,2008,2008
01/04/2008,0.90,1207008000,2008,2008,2008
01/05/2008,0.88,1209600000,2008,2008,2008
01/06/2008,0.96,1212278400,2008,2008,2008
01/07/2008,1.07,1214870400,2008,2008,2008
01/08/2008,1.02,1217548800,2008,2008,2008
01/09/2008,1.10,1220227200,2008,2008,2008
01/10/2008,1.18,1222819200,2008,2008,2008
01/11/2008,1.02,1225497600,2008,2008,2008
01/12/2008,1.12,1228089600,2008,2008,2008
01/01/2009,1.05,1230768000,2009,2009,2009
01/02/2009,0.86,1233446400,2009,2009,2009
01/03/2009,0.97,1235865600,2009,2009,2009
01/04/2009,0.84,1238544000,2009,2009,2009
01/05/2009,0.77,1241136000,2009,2009,2009
01/06/2009,0.76,1243814400,2009,2009,2009
01/07/2009,0.79,1246406400,2009,2009,2009
01/08/2009,0.69,1249084800,2009,2009,2009
01/09/2009,0.69,1251763200,2009,2009,2009
01/10/2009,0.69,1254355200,2009,2009,2009
01/11/2009,0.66,1257033600,2009,2009,2009
01/12/2009,0.73,1259625600,2009,2009,2009
01/01/2010,0.66,1262304000,2010,2010,2010
01/02/2010,0.59,1264982400,2010,2010,2010
01/03/2010,0.76,1267401600,2010,2010,2010
01/04/2010,0.67,1270080000,2010,2010,2010
01/05/2010,0.75,1272672000,2010,2010,2010
01/06/2010,0.79,1275350400,2010,2010,2010
01/07/2010,0.86,1277942400,2010,2010,2010
01/08/2010,0.89,1280620800,2010,2010,2010
01/09/2010,0.85,1283299200,2010,2010,2010
01/10/2010,0.81,1285891200,2010,2010,2010
01/11/2010,0.81,1288569600,2010,2010,2010
01/12/2010,0.93,1291161600,2010,2010,2010
01/01/2011,0.86,1293840000,2011,2011,2011
01/02/2011,0.84,1296518400,2011,2011,2011
01/03/2011,0.92,1298937600,2011,2011,2011
01/04/2011,0.84,1301616000,2011,2011,2011
01/05/2011,0.99,1304208000,2011,2011,2011
01/06/2011,0.96,1306886400,2011,2011,2011
01/07/2011,0.97,1309478400,2011,2011,2011
01/08/2011,1.07,1312156800,2011,2011,2011
01/09/2011,0.94,1314835200,2011,2011,2011
01/10/2011,0.88,1317427200,2011,2011,2011
01/11/2011,0.86,1320105600,2011,2011,2011
01/12/2011,0.91,1322697600,2011,2011,2011
01/01/2012,0.89,1325376000,2012,2012,2012
01/02/2012,0.75,1328054400,2012,2012,2012
01/03/2012,0.82,1330560000,2012,2012,2012
01/04/2012,0.71,1333238400,2012,2012,2012
01/05/2012,0.74,1335830400,2012,2012,2012
01/06/2012,0.64,1338508800,2012,2012,2012
01/07/2012,0.68,1341100800,2012,2012,2012
01/08/2012,0.69,1343779200,2012,2012,2012
01/09/2012,0.54,1346457600,2012,2012,2012
01/10/2012,0.61,1349049600,2012,2012,2012
01/11/2012,0.55,1351728000,2012,2012,2012
01/12/2012,0.55,1354320000,2012,2012,2012
01/01/2013,0.60,1356998400,2013,2013,2013
01/02/2013,0.49,1359676800,2013,2013,2013
01/03/2013,0.55,1362096000,2013,2013,2013
01/04/2013,0.61,1364774400,2013,2013,2013
01/05/2013,0.60,1367366400,2013,2013,2013
01/06/2013,0.61,1370044800,2013,2013,2013
01/07/2013,0.72,1372636800,2013,2013,2013
01/08/2013,0.71,1375315200,2013,2013,2013
01/09/2013,0.71,1377993600,2013,2013,2013
01/10/2013,0.81,1380585600,2013,2013,2013
01/11/2013,0.72,1383264000,2013,2013,2013
01/12/2013,0.79,1385856000,2013,2013,2013
01/01/2014,0.85,1388534400,2014,2014,2014
01/02/2014,0.79,1391212800,2014,2014,2014
01/03/2014,0.77,1393632000,2014,2014,2014
01/04/2014,0.82,1396310400,2014,2014,2014
01/05/2014,0.87,1398902400,2014,2014,2014
01/06/2014,0.82,1401580800,2014,2014,2014
01/07/2014,0.95,1404172800,2014,2014,2014
01/08/2014,0.87,1406851200,2014,2014,2014
01/09/2014,0.91,1409529600,2014,2014,2014
01/10/2014,0.95,1412121600,2014,2014,2014
01/11/2014,0.84,1414800000,2014,2014,2014
01/12/2014,0.96,1417392000,2014,2014,2014
01/01/2015,0.94,1420070400,2015,2015,2015
01/02/2015,0.82,1422748800,2015,2015,2015
01/03/2015,1.04,1425168000,2015,2015,2015
01/04/2015,0.95,1427846400,2015,2015,2015
01/05/2015,0.99,1430438400,2015,2015,2015
01/06/2015,1.07,1433116800,2015,2015,2015
01/07/2015,1.18,1435708800,2015,2015,2015
01/08/2015,1.11,1438387200,2015,2015,2015
01/09/2015,1.11,1441065600,2015,2015,2015
01/10/2015,1.11,1443657600,2015,2015,2015
01/11/2015,1.06,1446336000,2015,2015,2015
01/12/2015,1.16,1448928000,2015,2015,2015
01/01/2016,1.06,1451606400,2016,2016,2016
01/02/2016,1.00,1454284800,2016,2016,2016
01/03/2016,1.16,1456790400,2016,2016,2016
01/04/2016,1.06,1459468800,2016,2016,2016
01/05/2016,1.11,1462060800,2016,2016,2016
01/06/2016,1.16,1464739200,2016,2016,2016
01/07/2016,1.11,1467331200,2016,2016,2016
01/08/2016,1.22,1470009600,2016,2016,2016
01/09/2016,1.11,1472688000,2016,2016,2016
01/10/2016,1.05,1475280000,2016,2016,2016
01/11/2016,1.04,1477958400,2016,2016,2016
01/12/2016,1.12,1480550400,2016,2016,2016
01/01/2017,1.09,1483228800,2017,2017,2017
01/02/2017,0.87,1485907200,2017,2017,2017
01/03/2017,1.05,1488326400,2017,2017,2017
01/04/2017,0.79,1491004800,2017,2017,2017
01/05/2017,0.93,1493596800,2017,2017,2017
01/06/2017,0.81,1496275200,2017,2017,2017
01/07/2017,0.80,1498867200,2017,2017,2017
01/08/2017,0.80,1501545600,2017,2017,2017
01/09/2017,0.64,1504224000,2017,2017,2017
01/10/2017,0.64,1506816000,2017,2017,2017
01/11/2017,0.57,1509494400,2017,2017,2017
01/12/2017,0.54,1512086400,2017,2017,2017
01/01/2018,0.58,1514764800,2018,2018,2018
01/02/2018,0.47,1517443200,2018,2018,2018
01/03/2018,0.53,1519862400,2018,2018,2018
01/04/2018,0.52,1522540800,2018,2018,2018
01/05/2018,0.52,1525132800,2018,2018,2018
01/06/2018,0.52,1527811200,2018,2018,2018
01/07/2018,0.54,1530403200,2018,2018,2018
01/08/2018,0.57,1533081600,2018,2018,2018
01/09/2018,0.47,1535760000,2018,2018,2018
01/10/2018,0.54,1538352000,2018,2018,2018
01/11/2018,0.49,1541030400,2018,2018,2018
01/12/2018,0.49,1543622400,2018,2018,2018
01/01/2019,0.54,1546300800,2019,2019,2019
01/02/2019,0.37,1548979200,2019,2019,2019
